sidi=918546 918547 918548 918549 918550 918551 918552 918553 918554 918555 918556 918557 918558 918559 918560 918561 918562 918563 918564 918565 918566 918567 918568 918569

prog=744403 744522 744527 744528 744531 744532 744534 744535 744537 744538 744601 744602 744607 756043 756045 756051 866459 866460 866461 866462 866463 866464 866465 866466

redes=906285 906286 906287 906288 906289 906290 906291 906292 906293 906294 906295 906296 906297 906298 906299 906300 906301 906302 906303 906304 906305 906306 906307 906308

cad1=916069 916070 916071 916072 916073 916074 916075 916076 916077 916078 916079 916080 916081 916083 916084 916085 916086 916087 916088 916089

cad2=905462 905463 905464 905465 905466 905467 905468 905469 905470 905471 905472 905473 905474 905475

cad3=744389 744391 744392 744394 744395 744397 744519 744526 744539 744600 744603 744604 744605 744606 744609 756046 756047 756048 756049 756050

info=894198 894199 894200 894201 894202 894204 894205 894206 894207 894208 894209 895185 895186 895187 895189 895190 895198 895199 895200 895201 895202 895203 895188 895192 895193 895194 895195 895196 894192 894193 894194 894195 894196 894197 895197
