17x54:	4.32	8.4		43.92	144.24
17x87:	4.32	8.4		43.92	237.84
23x23:	4.32	8.4		60.96	56.88
29x42:	4.32	8.4		77.76	110.64
29x90:	4.32	8.4		77.76	246.24
38x90:	4.32	8.4		103.44	246.24
39x48:	4.32	8.4		106.32	127.20
52x29:	4.32	8.4		143.04	73.44
54x29:	4.32	8.4  	147.36	73.44
60x86:	4.32	8.4		165.6	234.96
62x29:	4.32	8.4		171.36	73.44
62x100:	4.32	8.4		171.36	274.56
12Dia:	5.76	5.76	28.32	28.32
24Dia:	5.76	5.76	62.4	62.4
58Dia:	8.4		8.4		156.72	156.72
12X1:	4.32	8.4		29.76	275.06
29X1:	4.32	8.4		77.76	275.06
38X1:	4.32	8.4		103.44	275.04
50X1:	4.32	8.4		137.28	274.8
54X1:	5.76	8.4		147.36	275.04
62X1:	4.32	8.4		171.36	274.06
12X2:	4.32	8.4		55.20	275.06
29X2:	4.32	8.4		151.20	275.06
38X2:	4.32	8.4		202.56	275.04
50X2:	4.32	8.4		270.24	274.8
54X2:	5.76	8.4		288.96	275.04
62X2:	4.32	8.4		338.40	275.06
12X3:	4.32	8.4		80.64	275.06
29X3:	4.32	8.4		224.64	275.06
38X3:	4.32	8.4		301.68	275.04
50X3:	4.32	8.4		403.2	274.8
54X3:	5.76	8.4		430.56	275.04
62X3:	4.32	8.4		505.44	275.06
12X4:	4.32	8.4		106.80	275.06
29X4:	4.32	8.4		298.08	275.06
38X4:	4.32	8.4		400.80	275.04
50X4:	4.32	8.4		536.16	274.8
54X4:	5.76	8.4		572.16	275.04
62X4:	4.32	8.4		672.48	275.06

