$ANSIBLE_VAULT;1.1;AES256
36363236373836303963633037643464316365363437353830396266643166656333633535343263
6530323534343464326132363065383630653838346265630a633230626666386464323164353766
61333862323339326465643263393566373631376136613733343430353230343439386330356534
3063363963313964330a336634613138313732303761613465623539333766346461373763616435
38303638623165343163386566373934306364373834353861333131613039376539616233303563
32383236396635656561653532363461613930386431313262303634666137366337343966303835
36616362366163616133633836306235636433393335626635316564336138626465626432623131
36323932633230333764653532653933373838353838363234386663343037393866653761373436
36393339383065636264393062643237653330346332306338383362333666613761613832333462
36653666663866326531386130633938663331656361356433353362613862653434316436376334
38353932326161663530666331393438623032366234646564396666366336653834373935623030
65663136616531346132383330323934356338396635623866303031376238346433336264643765
61393239663633643130353963303939316131326138333637343165636534333537373363646162
37353333653937313565646638613862653763373533323335303662663533303337373734326430
37356339313834366466646135386264383839346338303461663036303963316565326234663839
63316362633932343662363630363030303330613732626533643362333365623931616665653831
38353337646136646461636165303332666565386261386131653636663132396231326436646164
30623831326537343030386332303935363061633636613835373431393933613265616266376634
63366537626637383466643362643161373162326666663837396633373133653362373639316631
39313133396636663465646632303035613566326162663830656266366666323831346366383463
33306534326163313161366138333339326566643931306163666265393636313338346335623565
35616137363030626139653530393065333165313736343965343263356561303361356235363064
37323061353338306239396434303366663635666133633639336132633836333762343337343065
33316230386363353638313230333634653064623665626431383937393430376164656633316530
36363465333463363139613534366661373431663464313732373438666162343936
