$ANSIBLE_VAULT;1.1;AES256
66343462386131326138376538613761633761353935373161333661326162666466666434326539
3633613464623534363631343436636164383864393562620a313839333063636135376234616165
39343834316134333039363461613331313364303739363932306666313233653230333063663265
6336376461366636310a333839623331376665393332663638383637333931376661383761343563
36633434366130373762376434343364393235626234353936316265613063626534653662386664
34333631393937333739373936353133383537333330306164653434303330653662316164663636
31626536323335386666306438613663643132393037343930363134306331366465366266376162
37663365623465356338303039306634373735376135656435363265623737666535303131356230
63356132663065393561633332363739336633396165643435353833326566663661383038396435
39353431623761643066613762343332376132366261343062393664636337643831333362346563
62663733373034333665386664666461333830646633393965316432383661366637646465386562
36383961313931303766613833613630623931366338303462343762633464636536613165303064
66366261366632386634663633653534303365626630346334383165336430626665343530386430
62353837386631376337616431316136623230626164663861343064663762633465643230633537
39613136623333356539376636616339643538323538653532643661333661633465376432613730
37636164393532643532323465636339613239616633383935323235303364313830333463323331
32363731393235623135386264316333313436373538346438653037653965623661396563346630
33643966333465346666323730663065313737323139326238653366333036616538333765326537
39646333393333383565626662393865653364363264666431363236663666313639336362373463
38363062366666366266656163633237623633383463363866373262393331346434323434313935
37343161653661303138386537393561666438316366393938386361386631653762363331306338
30333732396235613431333733623366376238383530346239353861333163306533626463353135
65373466646535303535656439633335626631643730643739633565623132633837653864323931
61396133636639316639336538326663626336366536613764356361333437643764336435623265
34336333343233343430333132646534373336333531363930376232613365666435
